3.000E+00 1.500E+00 0.400E+00 1.000E+01 1.000E+00 1.000E-08 0.100E+00 400  
    1      0.0500000      0.0500000
    2      0.1000000      0.0500000
    3      0.1500000      0.0500000
    4      0.2000000      0.0500000
    5      0.2500000      0.0500000
    6      0.3000000      0.0500000
    7      0.3500000      0.0500000
    8      0.4000000      0.0500000
    9      0.4500000      0.0500000
   10      0.5000000      0.0500000
   11      0.5500000      0.0500000
   12      0.6000000      0.0500000
   13      0.6500000      0.0500000
   14      0.7000000      0.0500000
   15      0.7500000      0.0500000
   16      0.8000000      0.0500000
   17      0.8500000      0.0500000
   18      0.9000000      0.0500000
   19      0.9500000      0.0500000
   20      1.0000000      0.0500000
   21      0.0500000      0.1000000
   22      0.1000000      0.1000000
   23      0.1500000      0.1000000
   24      0.2000000      0.1000000
   25      0.2500000      0.1000000
   26      0.3000000      0.1000000
   27      0.3500000      0.1000000
   28      0.4000000      0.1000000
   29      0.4500000      0.1000000
   30      0.5000000      0.1000000
   31      0.5500000      0.1000000
   32      0.6000000      0.1000000
   33      0.6500000      0.1000000
   34      0.7000000      0.1000000
   35      0.7500000      0.1000000
   36      0.8000000      0.1000000
   37      0.8500000      0.1000000
   38      0.9000000      0.1000000
   39      0.9500000      0.1000000
   40      1.0000000      0.1000000
   41      0.0500000      0.1500000
   42      0.1000000      0.1500000
   43      0.1500000      0.1500000
   44      0.2000000      0.1500000
   45      0.2500000      0.1500000
   46      0.3000000      0.1500000
   47      0.3500000      0.1500000
   48      0.4000000      0.1500000
   49      0.4500000      0.1500000
   50      0.5000000      0.1500000
   51      0.5500000      0.1500000
   52      0.6000000      0.1500000
   53      0.6500000      0.1500000
   54      0.7000000      0.1500000
   55      0.7500000      0.1500000
   56      0.8000000      0.1500000
   57      0.8500000      0.1500000
   58      0.9000000      0.1500000
   59      0.9500000      0.1500000
   60      1.0000000      0.1500000
   61      0.0500000      0.2000000
   62      0.1000000      0.2000000
   63      0.1500000      0.2000000
   64      0.2000000      0.2000000
   65      0.2500000      0.2000000
   66      0.3000000      0.2000000
   67      0.3500000      0.2000000
   68      0.4000000      0.2000000
   69      0.4500000      0.2000000
   70      0.5000000      0.2000000
   71      0.5500000      0.2000000
   72      0.6000000      0.2000000
   73      0.6500000      0.2000000
   74      0.7000000      0.2000000
   75      0.7500000      0.2000000
   76      0.8000000      0.2000000
   77      0.8500000      0.2000000
   78      0.9000000      0.2000000
   79      0.9500000      0.2000000
   80      1.0000000      0.2000000
   81      0.0500000      0.2500000
   82      0.1000000      0.2500000
   83      0.1500000      0.2500000
   84      0.2000000      0.2500000
   85      0.2500000      0.2500000
   86      0.3000000      0.2500000
   87      0.3500000      0.2500000
   88      0.4000000      0.2500000
   89      0.4500000      0.2500000
   90      0.5000000      0.2500000
   91      0.5500000      0.2500000
   92      0.6000000      0.2500000
   93      0.6500000      0.2500000
   94      0.7000000      0.2500000
   95      0.7500000      0.2500000
   96      0.8000000      0.2500000
   97      0.8500000      0.2500000
   98      0.9000000      0.2500000
   99      0.9500000      0.2500000
  100      1.0000000      0.2500000
  101      0.0500000      0.3000000
  102      0.1000000      0.3000000
  103      0.1500000      0.3000000
  104      0.2000000      0.3000000
  105      0.2500000      0.3000000
  106      0.3000000      0.3000000
  107      0.3500000      0.3000000
  108      0.4000000      0.3000000
  109      0.4500000      0.3000000
  110      0.5000000      0.3000000
  111      0.5500000      0.3000000
  112      0.6000000      0.3000000
  113      0.6500000      0.3000000
  114      0.7000000      0.3000000
  115      0.7500000      0.3000000
  116      0.8000000      0.3000000
  117      0.8500000      0.3000000
  118      0.9000000      0.3000000
  119      0.9500000      0.3000000
  120      1.0000000      0.3000000
  121      0.0500000      0.3500000
  122      0.1000000      0.3500000
  123      0.1500000      0.3500000
  124      0.2000000      0.3500000
  125      0.2500000      0.3500000
  126      0.3000000      0.3500000
  127      0.3500000      0.3500000
  128      0.4000000      0.3500000
  129      0.4500000      0.3500000
  130      0.5000000      0.3500000
  131      0.5500000      0.3500000
  132      0.6000000      0.3500000
  133      0.6500000      0.3500000
  134      0.7000000      0.3500000
  135      0.7500000      0.3500000
  136      0.8000000      0.3500000
  137      0.8500000      0.3500000
  138      0.9000000      0.3500000
  139      0.9500000      0.3500000
  140      1.0000000      0.3500000
  141      0.0500000      0.4000000
  142      0.1000000      0.4000000
  143      0.1500000      0.4000000
  144      0.2000000      0.4000000
  145      0.2500000      0.4000000
  146      0.3000000      0.4000000
  147      0.3500000      0.4000000
  148      0.4000000      0.4000000
  149      0.4500000      0.4000000
  150      0.5000000      0.4000000
  151      0.5500000      0.4000000
  152      0.6000000      0.4000000
  153      0.6500000      0.4000000
  154      0.7000000      0.4000000
  155      0.7500000      0.4000000
  156      0.8000000      0.4000000
  157      0.8500000      0.4000000
  158      0.9000000      0.4000000
  159      0.9500000      0.4000000
  160      1.0000000      0.4000000
  161      0.0500000      0.4500000
  162      0.1000000      0.4500000
  163      0.1500000      0.4500000
  164      0.2000000      0.4500000
  165      0.2500000      0.4500000
  166      0.3000000      0.4500000
  167      0.3500000      0.4500000
  168      0.4000000      0.4500000
  169      0.4500000      0.4500000
  170      0.5000000      0.4500000
  171      0.5500000      0.4500000
  172      0.6000000      0.4500000
  173      0.6500000      0.4500000
  174      0.7000000      0.4500000
  175      0.7500000      0.4500000
  176      0.8000000      0.4500000
  177      0.8500000      0.4500000
  178      0.9000000      0.4500000
  179      0.9500000      0.4500000
  180      1.0000000      0.4500000
  181      0.0500000      0.5000000
  182      0.1000000      0.5000000
  183      0.1500000      0.5000000
  184      0.2000000      0.5000000
  185      0.2500000      0.5000000
  186      0.3000000      0.5000000
  187      0.3500000      0.5000000
  188      0.4000000      0.5000000
  189      0.4500000      0.5000000
  190      0.5000000      0.5000000
  191      0.5500000      0.5000000
  192      0.6000000      0.5000000
  193      0.6500000      0.5000000
  194      0.7000000      0.5000000
  195      0.7500000      0.5000000
  196      0.8000000      0.5000000
  197      0.8500000      0.5000000
  198      0.9000000      0.5000000
  199      0.9500000      0.5000000
  200      1.0000000      0.5000000
  201      0.0500000      0.5500000
  202      0.1000000      0.5500000
  203      0.1500000      0.5500000
  204      0.2000000      0.5500000
  205      0.2500000      0.5500000
  206      0.3000000      0.5500000
  207      0.3500000      0.5500000
  208      0.4000000      0.5500000
  209      0.4500000      0.5500000
  210      0.5000000      0.5500000
  211      0.5500000      0.5500000
  212      0.6000000      0.5500000
  213      0.6500000      0.5500000
  214      0.7000000      0.5500000
  215      0.7500000      0.5500000
  216      0.8000000      0.5500000
  217      0.8500000      0.5500000
  218      0.9000000      0.5500000
  219      0.9500000      0.5500000
  220      1.0000000      0.5500000
  221      0.0500000      0.6000000
  222      0.1000000      0.6000000
  223      0.1500000      0.6000000
  224      0.2000000      0.6000000
  225      0.2500000      0.6000000
  226      0.3000000      0.6000000
  227      0.3500000      0.6000000
  228      0.4000000      0.6000000
  229      0.4500000      0.6000000
  230      0.5000000      0.6000000
  231      0.5500000      0.6000000
  232      0.6000000      0.6000000
  233      0.6500000      0.6000000
  234      0.7000000      0.6000000
  235      0.7500000      0.6000000
  236      0.8000000      0.6000000
  237      0.8500000      0.6000000
  238      0.9000000      0.6000000
  239      0.9500000      0.6000000
  240      1.0000000      0.6000000
  241      0.0500000      0.6500000
  242      0.1000000      0.6500000
  243      0.1500000      0.6500000
  244      0.2000000      0.6500000
  245      0.2500000      0.6500000
  246      0.3000000      0.6500000
  247      0.3500000      0.6500000
  248      0.4000000      0.6500000
  249      0.4500000      0.6500000
  250      0.5000000      0.6500000
  251      0.5500000      0.6500000
  252      0.6000000      0.6500000
  253      0.6500000      0.6500000
  254      0.7000000      0.6500000
  255      0.7500000      0.6500000
  256      0.8000000      0.6500000
  257      0.8500000      0.6500000
  258      0.9000000      0.6500000
  259      0.9500000      0.6500000
  260      1.0000000      0.6500000
  261      0.0500000      0.7000000
  262      0.1000000      0.7000000
  263      0.1500000      0.7000000
  264      0.2000000      0.7000000
  265      0.2500000      0.7000000
  266      0.3000000      0.7000000
  267      0.3500000      0.7000000
  268      0.4000000      0.7000000
  269      0.4500000      0.7000000
  270      0.5000000      0.7000000
  271      0.5500000      0.7000000
  272      0.6000000      0.7000000
  273      0.6500000      0.7000000
  274      0.7000000      0.7000000
  275      0.7500000      0.7000000
  276      0.8000000      0.7000000
  277      0.8500000      0.7000000
  278      0.9000000      0.7000000
  279      0.9500000      0.7000000
  280      1.0000000      0.7000000
  281      0.0500000      0.7500000
  282      0.1000000      0.7500000
  283      0.1500000      0.7500000
  284      0.2000000      0.7500000
  285      0.2500000      0.7500000
  286      0.3000000      0.7500000
  287      0.3500000      0.7500000
  288      0.4000000      0.7500000
  289      0.4500000      0.7500000
  290      0.5000000      0.7500000
  291      0.5500000      0.7500000
  292      0.6000000      0.7500000
  293      0.6500000      0.7500000
  294      0.7000000      0.7500000
  295      0.7500000      0.7500000
  296      0.8000000      0.7500000
  297      0.8500000      0.7500000
  298      0.9000000      0.7500000
  299      0.9500000      0.7500000
  300      1.0000000      0.7500000
  301      0.0500000      0.8000000
  302      0.1000000      0.8000000
  303      0.1500000      0.8000000
  304      0.2000000      0.8000000
  305      0.2500000      0.8000000
  306      0.3000000      0.8000000
  307      0.3500000      0.8000000
  308      0.4000000      0.8000000
  309      0.4500000      0.8000000
  310      0.5000000      0.8000000
  311      0.5500000      0.8000000
  312      0.6000000      0.8000000
  313      0.6500000      0.8000000
  314      0.7000000      0.8000000
  315      0.7500000      0.8000000
  316      0.8000000      0.8000000
  317      0.8500000      0.8000000
  318      0.9000000      0.8000000
  319      0.9500000      0.8000000
  320      1.0000000      0.8000000
  321      0.0500000      0.8500000
  322      0.1000000      0.8500000
  323      0.1500000      0.8500000
  324      0.2000000      0.8500000
  325      0.2500000      0.8500000
  326      0.3000000      0.8500000
  327      0.3500000      0.8500000
  328      0.4000000      0.8500000
  329      0.4500000      0.8500000
  330      0.5000000      0.8500000
  331      0.5500000      0.8500000
  332      0.6000000      0.8500000
  333      0.6500000      0.8500000
  334      0.7000000      0.8500000
  335      0.7500000      0.8500000
  336      0.8000000      0.8500000
  337      0.8500000      0.8500000
  338      0.9000000      0.8500000
  339      0.9500000      0.8500000
  340      1.0000000      0.8500000
  341      0.0500000      0.9000000
  342      0.1000000      0.9000000
  343      0.1500000      0.9000000
  344      0.2000000      0.9000000
  345      0.2500000      0.9000000
  346      0.3000000      0.9000000
  347      0.3500000      0.9000000
  348      0.4000000      0.9000000
  349      0.4500000      0.9000000
  350      0.5000000      0.9000000
  351      0.5500000      0.9000000
  352      0.6000000      0.9000000
  353      0.6500000      0.9000000
  354      0.7000000      0.9000000
  355      0.7500000      0.9000000
  356      0.8000000      0.9000000
  357      0.8500000      0.9000000
  358      0.9000000      0.9000000
  359      0.9500000      0.9000000
  360      1.0000000      0.9000000
  361      0.0500000      0.9500000
  362      0.1000000      0.9500000
  363      0.1500000      0.9500000
  364      0.2000000      0.9500000
  365      0.2500000      0.9500000
  366      0.3000000      0.9500000
  367      0.3500000      0.9500000
  368      0.4000000      0.9500000
  369      0.4500000      0.9500000
  370      0.5000000      0.9500000
  371      0.5500000      0.9500000
  372      0.6000000      0.9500000
  373      0.6500000      0.9500000
  374      0.7000000      0.9500000
  375      0.7500000      0.9500000
  376      0.8000000      0.9500000
  377      0.8500000      0.9500000
  378      0.9000000      0.9500000
  379      0.9500000      0.9500000
  380      1.0000000      0.9500000
  381      0.0500000      1.0000000
  382      0.1000000      1.0000000
  383      0.1500000      1.0000000
  384      0.2000000      1.0000000
  385      0.2500000      1.0000000
  386      0.3000000      1.0000000
  387      0.3500000      1.0000000
  388      0.4000000      1.0000000
  389      0.4500000      1.0000000
  390      0.5000000      1.0000000
  391      0.5500000      1.0000000
  392      0.6000000      1.0000000
  393      0.6500000      1.0000000
  394      0.7000000      1.0000000
  395      0.7500000      1.0000000
  396      0.8000000      1.0000000
  397      0.8500000      1.0000000
  398      0.9000000      1.0000000
  399      0.9500000      1.0000000
  400      1.0000000      1.0000000
    1      0.0000000      0.0000000
    2      0.0000000      0.0000000
    3      0.0000000      0.0000000
    4      0.0000000      0.0000000
    5      0.0000000      0.0000000
    6      0.0000000      0.0000000
    7      0.0000000      0.0000000
    8      0.0000000      0.0000000
    9      0.0000000      0.0000000
   10      0.0000000      0.0000000
   11      0.0000000      0.0000000
   12      0.0000000      0.0000000
   13      0.0000000      0.0000000
   14      0.0000000      0.0000000
   15      0.0000000      0.0000000
   16      0.0000000      0.0000000
   17      0.0000000      0.0000000
   18      0.0000000      0.0000000
   19      0.0000000      0.0000000
   20      0.0000000      0.0000000
   21      0.0500000      0.0000000
   22      0.0500000      0.0000000
   23      0.0500000      0.0000000
   24      0.0500000      0.0000000
   25      0.0500000      0.0000000
   26      0.0500000      0.0000000
   27      0.0500000      0.0000000
   28      0.0500000      0.0000000
   29      0.0500000      0.0000000
   30      0.0500000      0.0000000
   31      0.0500000      0.0000000
   32      0.0500000      0.0000000
   33      0.0500000      0.0000000
   34      0.0500000      0.0000000
   35      0.0500000      0.0000000
   36      0.0500000      0.0000000
   37      0.0500000      0.0000000
   38      0.0500000      0.0000000
   39      0.0500000      0.0000000
   40      0.0500000      0.0000000
   41      0.1000000      0.0000000
   42      0.1000000      0.0000000
   43      0.1000000      0.0000000
   44      0.1000000      0.0000000
   45      0.1000000      0.0000000
   46      0.1000000      0.0000000
   47      0.1000000      0.0000000
   48      0.1000000      0.0000000
   49      0.1000000      0.0000000
   50      0.1000000      0.0000000
   51      0.1000000      0.0000000
   52      0.1000000      0.0000000
   53      0.1000000      0.0000000
   54      0.1000000      0.0000000
   55      0.1000000      0.0000000
   56      0.1000000      0.0000000
   57      0.1000000      0.0000000
   58      0.1000000      0.0000000
   59      0.1000000      0.0000000
   60      0.1000000      0.0000000
   61      0.1500000      0.0000000
   62      0.1500000      0.0000000
   63      0.1500000      0.0000000
   64      0.1500000      0.0000000
   65      0.1500000      0.0000000
   66      0.1500000      0.0000000
   67      0.1500000      0.0000000
   68      0.1500000      0.0000000
   69      0.1500000      0.0000000
   70      0.1500000      0.0000000
   71      0.1500000      0.0000000
   72      0.1500000      0.0000000
   73      0.1500000      0.0000000
   74      0.1500000      0.0000000
   75      0.1500000      0.0000000
   76      0.1500000      0.0000000
   77      0.1500000      0.0000000
   78      0.1500000      0.0000000
   79      0.1500000      0.0000000
   80      0.1500000      0.0000000
   81      0.2000000      0.0000000
   82      0.2000000      0.0000000
   83      0.2000000      0.0000000
   84      0.2000000      0.0000000
   85      0.2000000      0.0000000
   86      0.2000000      0.0000000
   87      0.2000000      0.0000000
   88      0.2000000      0.0000000
   89      0.2000000      0.0000000
   90      0.2000000      0.0000000
   91      0.2000000      0.0000000
   92      0.2000000      0.0000000
   93      0.2000000      0.0000000
   94      0.2000000      0.0000000
   95      0.2000000      0.0000000
   96      0.2000000      0.0000000
   97      0.2000000      0.0000000
   98      0.2000000      0.0000000
   99      0.2000000      0.0000000
  100      0.2000000      0.0000000
  101      0.2500000      0.0000000
  102      0.2500000      0.0000000
  103      0.2500000      0.0000000
  104      0.2500000      0.0000000
  105      0.2500000      0.0000000
  106      0.2500000      0.0000000
  107      0.2500000      0.0000000
  108      0.2500000      0.0000000
  109      0.2500000      0.0000000
  110      0.2500000      0.0000000
  111      0.2500000      0.0000000
  112      0.2500000      0.0000000
  113      0.2500000      0.0000000
  114      0.2500000      0.0000000
  115      0.2500000      0.0000000
  116      0.2500000      0.0000000
  117      0.2500000      0.0000000
  118      0.2500000      0.0000000
  119      0.2500000      0.0000000
  120      0.2500000      0.0000000
  121      0.3000000      0.0000000
  122      0.3000000      0.0000000
  123      0.3000000      0.0000000
  124      0.3000000      0.0000000
  125      0.3000000      0.0000000
  126      0.3000000      0.0000000
  127      0.3000000      0.0000000
  128      0.3000000      0.0000000
  129      0.3000000      0.0000000
  130      0.3000000      0.0000000
  131      0.3000000      0.0000000
  132      0.3000000      0.0000000
  133      0.3000000      0.0000000
  134      0.3000000      0.0000000
  135      0.3000000      0.0000000
  136      0.3000000      0.0000000
  137      0.3000000      0.0000000
  138      0.3000000      0.0000000
  139      0.3000000      0.0000000
  140      0.3000000      0.0000000
  141      0.3500000      0.0000000
  142      0.3500000      0.0000000
  143      0.3500000      0.0000000
  144      0.3500000      0.0000000
  145      0.3500000      0.0000000
  146      0.3500000      0.0000000
  147      0.3500000      0.0000000
  148      0.3500000      0.0000000
  149      0.3500000      0.0000000
  150      0.3500000      0.0000000
  151      0.3500000      0.0000000
  152      0.3500000      0.0000000
  153      0.3500000      0.0000000
  154      0.3500000      0.0000000
  155      0.3500000      0.0000000
  156      0.3500000      0.0000000
  157      0.3500000      0.0000000
  158      0.3500000      0.0000000
  159      0.3500000      0.0000000
  160      0.3500000      0.0000000
  161      0.4000000      0.0000000
  162      0.4000000      0.0000000
  163      0.4000000      0.0000000
  164      0.4000000      0.0000000
  165      0.4000000      0.0000000
  166      0.4000000      0.0000000
  167      0.4000000      0.0000000
  168      0.4000000      0.0000000
  169      0.4000000      0.0000000
  170      0.4000000      0.0000000
  171      0.4000000      0.0000000
  172      0.4000000      0.0000000
  173      0.4000000      0.0000000
  174      0.4000000      0.0000000
  175      0.4000000      0.0000000
  176      0.4000000      0.0000000
  177      0.4000000      0.0000000
  178      0.4000000      0.0000000
  179      0.4000000      0.0000000
  180      0.4000000      0.0000000
  181      0.4500000      0.0000000
  182      0.4500000      0.0000000
  183      0.4500000      0.0000000
  184      0.4500000      0.0000000
  185      0.4500000      0.0000000
  186      0.4500000      0.0000000
  187      0.4500000      0.0000000
  188      0.4500000      0.0000000
  189      0.4500000      0.0000000
  190      0.4500000      0.0000000
  191      0.4500000      0.0000000
  192      0.4500000      0.0000000
  193      0.4500000      0.0000000
  194      0.4500000      0.0000000
  195      0.4500000      0.0000000
  196      0.4500000      0.0000000
  197      0.4500000      0.0000000
  198      0.4500000      0.0000000
  199      0.4500000      0.0000000
  200      0.4500000      0.0000000
  201      0.5000000      0.0000000
  202      0.5000000      0.0000000
  203      0.5000000      0.0000000
  204      0.5000000      0.0000000
  205      0.5000000      0.0000000
  206      0.5000000      0.0000000
  207      0.5000000      0.0000000
  208      0.5000000      0.0000000
  209      0.5000000      0.0000000
  210      0.5000000      0.0000000
  211      0.5000000      0.0000000
  212      0.5000000      0.0000000
  213      0.5000000      0.0000000
  214      0.5000000      0.0000000
  215      0.5000000      0.0000000
  216      0.5000000      0.0000000
  217      0.5000000      0.0000000
  218      0.5000000      0.0000000
  219      0.5000000      0.0000000
  220      0.5000000      0.0000000
  221      0.5500000      0.0000000
  222      0.5500000      0.0000000
  223      0.5500000      0.0000000
  224      0.5500000      0.0000000
  225      0.5500000      0.0000000
  226      0.5500000      0.0000000
  227      0.5500000      0.0000000
  228      0.5500000      0.0000000
  229      0.5500000      0.0000000
  230      0.5500000      0.0000000
  231      0.5500000      0.0000000
  232      0.5500000      0.0000000
  233      0.5500000      0.0000000
  234      0.5500000      0.0000000
  235      0.5500000      0.0000000
  236      0.5500000      0.0000000
  237      0.5500000      0.0000000
  238      0.5500000      0.0000000
  239      0.5500000      0.0000000
  240      0.5500000      0.0000000
  241      0.6000000      0.0000000
  242      0.6000000      0.0000000
  243      0.6000000      0.0000000
  244      0.6000000      0.0000000
  245      0.6000000      0.0000000
  246      0.6000000      0.0000000
  247      0.6000000      0.0000000
  248      0.6000000      0.0000000
  249      0.6000000      0.0000000
  250      0.6000000      0.0000000
  251      0.6000000      0.0000000
  252      0.6000000      0.0000000
  253      0.6000000      0.0000000
  254      0.6000000      0.0000000
  255      0.6000000      0.0000000
  256      0.6000000      0.0000000
  257      0.6000000      0.0000000
  258      0.6000000      0.0000000
  259      0.6000000      0.0000000
  260      0.6000000      0.0000000
  261      0.6500000      0.0000000
  262      0.6500000      0.0000000
  263      0.6500000      0.0000000
  264      0.6500000      0.0000000
  265      0.6500000      0.0000000
  266      0.6500000      0.0000000
  267      0.6500000      0.0000000
  268      0.6500000      0.0000000
  269      0.6500000      0.0000000
  270      0.6500000      0.0000000
  271      0.6500000      0.0000000
  272      0.6500000      0.0000000
  273      0.6500000      0.0000000
  274      0.6500000      0.0000000
  275      0.6500000      0.0000000
  276      0.6500000      0.0000000
  277      0.6500000      0.0000000
  278      0.6500000      0.0000000
  279      0.6500000      0.0000000
  280      0.6500000      0.0000000
  281      0.7000000      0.0000000
  282      0.7000000      0.0000000
  283      0.7000000      0.0000000
  284      0.7000000      0.0000000
  285      0.7000000      0.0000000
  286      0.7000000      0.0000000
  287      0.7000000      0.0000000
  288      0.7000000      0.0000000
  289      0.7000000      0.0000000
  290      0.7000000      0.0000000
  291      0.7000000      0.0000000
  292      0.7000000      0.0000000
  293      0.7000000      0.0000000
  294      0.7000000      0.0000000
  295      0.7000000      0.0000000
  296      0.7000000      0.0000000
  297      0.7000000      0.0000000
  298      0.7000000      0.0000000
  299      0.7000000      0.0000000
  300      0.7000000      0.0000000
  301      0.7500000      0.0000000
  302      0.7500000      0.0000000
  303      0.7500000      0.0000000
  304      0.7500000      0.0000000
  305      0.7500000      0.0000000
  306      0.7500000      0.0000000
  307      0.7500000      0.0000000
  308      0.7500000      0.0000000
  309      0.7500000      0.0000000
  310      0.7500000      0.0000000
  311      0.7500000      0.0000000
  312      0.7500000      0.0000000
  313      0.7500000      0.0000000
  314      0.7500000      0.0000000
  315      0.7500000      0.0000000
  316      0.7500000      0.0000000
  317      0.7500000      0.0000000
  318      0.7500000      0.0000000
  319      0.7500000      0.0000000
  320      0.7500000      0.0000000
  321      0.8000000      0.0000000
  322      0.8000000      0.0000000
  323      0.8000000      0.0000000
  324      0.8000000      0.0000000
  325      0.8000000      0.0000000
  326      0.8000000      0.0000000
  327      0.8000000      0.0000000
  328      0.8000000      0.0000000
  329      0.8000000      0.0000000
  330      0.8000000      0.0000000
  331      0.8000000      0.0000000
  332      0.8000000      0.0000000
  333      0.8000000      0.0000000
  334      0.8000000      0.0000000
  335      0.8000000      0.0000000
  336      0.8000000      0.0000000
  337      0.8000000      0.0000000
  338      0.8000000      0.0000000
  339      0.8000000      0.0000000
  340      0.8000000      0.0000000
  341      0.8500000      0.0000000
  342      0.8500000      0.0000000
  343      0.8500000      0.0000000
  344      0.8500000      0.0000000
  345      0.8500000      0.0000000
  346      0.8500000      0.0000000
  347      0.8500000      0.0000000
  348      0.8500000      0.0000000
  349      0.8500000      0.0000000
  350      0.8500000      0.0000000
  351      0.8500000      0.0000000
  352      0.8500000      0.0000000
  353      0.8500000      0.0000000
  354      0.8500000      0.0000000
  355      0.8500000      0.0000000
  356      0.8500000      0.0000000
  357      0.8500000      0.0000000
  358      0.8500000      0.0000000
  359      0.8500000      0.0000000
  360      0.8500000      0.0000000
  361      0.9000000      0.0000000
  362      0.9000000      0.0000000
  363      0.9000000      0.0000000
  364      0.9000000      0.0000000
  365      0.9000000      0.0000000
  366      0.9000000      0.0000000
  367      0.9000000      0.0000000
  368      0.9000000      0.0000000
  369      0.9000000      0.0000000
  370      0.9000000      0.0000000
  371      0.9000000      0.0000000
  372      0.9000000      0.0000000
  373      0.9000000      0.0000000
  374      0.9000000      0.0000000
  375      0.9000000      0.0000000
  376      0.9000000      0.0000000
  377      0.9000000      0.0000000
  378      0.9000000      0.0000000
  379      0.9000000      0.0000000
  380      0.9000000      0.0000000
  381      0.9500000      0.0000000
  382      0.9500000      0.0000000
  383      0.9500000      0.0000000
  384      0.9500000      0.0000000
  385      0.9500000      0.0000000
  386      0.9500000      0.0000000
  387      0.9500000      0.0000000
  388      0.9500000      0.0000000
  389      0.9500000      0.0000000
  390      0.9500000      0.0000000
  391      0.9500000      0.0000000
  392      0.9500000      0.0000000
  393      0.9500000      0.0000000
  394      0.9500000      0.0000000
  395      0.9500000      0.0000000
  396      0.9500000      0.0000000
  397      0.9500000      0.0000000
  398      0.9500000      0.0000000
  399      0.9500000      0.0000000
  400      0.9500000      0.0000000
