3.000E+00 1.500E+00 0.400E+00 1.000E+01 1.000E+00 1.000E-06 1.000E-03 100
    1      0.0000000      0.0000000
    2      0.1111111      0.0000000
    3      0.2222222      0.0000000
    4      0.3333333      0.0000000
    5      0.4444444      0.0000000
    6      0.5555556      0.0000000
    7      0.6666667      0.0000000
    8      0.7777778      0.0000000
    9      0.8888889      0.0000000
   10      1.0000000      0.0000000
   11      0.0000000      0.1111111
   12      0.1111111      0.1111111
   13      0.2222222      0.1111111
   14      0.3333333      0.1111111
   15      0.4444444      0.1111111
   16      0.5555556      0.1111111
   17      0.6666667      0.1111111
   18      0.7777778      0.1111111
   19      0.8888889      0.1111111
   20      1.0000000      0.1111111
   21      0.0000000      0.2222222
   22      0.1111111      0.2222222
   23      0.2222222      0.2222222
   24      0.3333333      0.2222222
   25      0.4444444      0.2222222
   26      0.5555556      0.2222222
   27      0.6666667      0.2222222
   28      0.7777778      0.2222222
   29      0.8888889      0.2222222
   30      1.0000000      0.2222222
   31      0.0000000      0.3333333
   32      0.1111111      0.3333333
   33      0.2222222      0.3333333
   34      0.3333333      0.3333333
   35      0.4444444      0.3333333
   36      0.5555556      0.3333333
   37      0.6666667      0.3333333
   38      0.7777778      0.3333333
   39      0.8888889      0.3333333
   40      1.0000000      0.3333333
   41      0.0000000      0.4444444
   42      0.1111111      0.4444444
   43      0.2222222      0.4444444
   44      0.3333333      0.4444444
   45      0.4444444      0.4444444
   46      0.5555556      0.4444444
   47      0.6666667      0.4444444
   48      0.7777778      0.4444444
   49      0.8888889      0.4444444
   50      1.0000000      0.4444444
   51      0.0000000      0.5555556
   52      0.1111111      0.5555556
   53      0.2222222      0.5555556
   54      0.3333333      0.5555556
   55      0.4444444      0.5555556
   56      0.5555556      0.5555556
   57      0.6666667      0.5555556
   58      0.7777778      0.5555556
   59      0.8888889      0.5555556
   60      1.0000000      0.5555556
   61      0.0000000      0.6666667
   62      0.1111111      0.6666667
   63      0.2222222      0.6666667
   64      0.3333333      0.6666667
   65      0.4444444      0.6666667
   66      0.5555556      0.6666667
   67      0.6666667      0.6666667
   68      0.7777778      0.6666667
   69      0.8888889      0.6666667
   70      1.0000000      0.6666667
   71      0.0000000      0.7777778
   72      0.1111111      0.7777778
   73      0.2222222      0.7777778
   74      0.3333333      0.7777778
   75      0.4444444      0.7777778
   76      0.5555556      0.7777778
   77      0.6666667      0.7777778
   78      0.7777778      0.7777778
   79      0.8888889      0.7777778
   80      1.0000000      0.7777778
   81      0.0000000      0.8888889
   82      0.1111111      0.8888889
   83      0.2222222      0.8888889
   84      0.3333333      0.8888889
   85      0.4444444      0.8888889
   86      0.5555556      0.8888889
   87      0.6666667      0.8888889
   88      0.7777778      0.8888889
   89      0.8888889      0.8888889
   90      1.0000000      0.8888889
   91      0.0000000      1.0000000
   92      0.1111111      1.0000000
   93      0.2222222      1.0000000
   94      0.3333333      1.0000000
   95      0.4444444      1.0000000
   96      0.5555556      1.0000000
   97      0.6666667      1.0000000
   98      0.7777778      1.0000000
   99      0.8888889      1.0000000
  100      1.0000000      1.0000000
    1      0.0000000      0.0000000
    2      0.0000000      0.0000000
    3      0.0000000      0.0000000
    4      0.0000000      0.0000000
    5      0.0000000      0.0000000
    6      0.0000000      0.0000000
    7      0.0000000      0.0000000
    8      0.0000000      0.0000000
    9      0.0000000      0.0000000
   10      0.0000000      0.0000000
   11      0.0888889      0.0000000
   12      0.0888889      0.0000000
   13      0.0888889      0.0000000
   14      0.0888889      0.0000000
   15      0.0888889      0.0000000
   16      0.0888889      0.0000000
   17      0.0888889      0.0000000
   18      0.0888889      0.0000000
   19      0.0888889      0.0000000
   20      0.0888889      0.0000000
   21      0.1777778      0.0000000
   22      0.1777778      0.0000000
   23      0.1777778      0.0000000
   24      0.1777778      0.0000000
   25      0.1777778      0.0000000
   26      0.1777778      0.0000000
   27      0.1777778      0.0000000
   28      0.1777778      0.0000000
   29      0.1777778      0.0000000
   30      0.1777778      0.0000000
   31      0.2666667      0.0000000
   32      0.2666667      0.0000000
   33      0.2666667      0.0000000
   34      0.2666667      0.0000000
   35      0.2666667      0.0000000
   36      0.2666667      0.0000000
   37      0.2666667      0.0000000
   38      0.2666667      0.0000000
   39      0.2666667      0.0000000
   40      0.2666667      0.0000000
   41      0.3555556      0.0000000
   42      0.3555556      0.0000000
   43      0.3555556      0.0000000
   44      0.3555556      0.0000000
   45      0.3555556      0.0000000
   46      0.3555556      0.0000000
   47      0.3555556      0.0000000
   48      0.3555556      0.0000000
   49      0.3555556      0.0000000
   50      0.3555556      0.0000000
   51      0.4444445      0.0000000
   52      0.4444445      0.0000000
   53      0.4444445      0.0000000
   54      0.4444445      0.0000000
   55      0.4444445      0.0000000
   56      0.4444445      0.0000000
   57      0.4444445      0.0000000
   58      0.4444445      0.0000000
   59      0.4444445      0.0000000
   60      0.4444445      0.0000000
   61      0.5333334      0.0000000
   62      0.5333334      0.0000000
   63      0.5333334      0.0000000
   64      0.5333334      0.0000000
   65      0.5333334      0.0000000
   66      0.5333334      0.0000000
   67      0.5333334      0.0000000
   68      0.5333334      0.0000000
   69      0.5333334      0.0000000
   70      0.5333334      0.0000000
   71      0.6222222      0.0000000
   72      0.6222222      0.0000000
   73      0.6222222      0.0000000
   74      0.6222222      0.0000000
   75      0.6222222      0.0000000
   76      0.6222222      0.0000000
   77      0.6222222      0.0000000
   78      0.6222222      0.0000000
   79      0.6222222      0.0000000
   80      0.6222222      0.0000000
   81      0.7111111      0.0000000
   82      0.7111111      0.0000000
   83      0.7111111      0.0000000
   84      0.7111111      0.0000000
   85      0.7111111      0.0000000
   86      0.7111111      0.0000000
   87      0.7111111      0.0000000
   88      0.7111111      0.0000000
   89      0.7111111      0.0000000
   90      0.7111111      0.0000000
   91      0.8000000      0.0000000
   92      0.8000000      0.0000000
   93      0.8000000      0.0000000
   94      0.8000000      0.0000000
   95      0.8000000      0.0000000
   96      0.8000000      0.0000000
   97      0.8000000      0.0000000
   98      0.8000000      0.0000000
   99      0.8000000      0.0000000
  100      0.8000000      0.0000000