3.000E+00 1.500E+00 0.400E+00 1.250E+00 1.000E+00 1.000E-06 0.200E-01 441       
    1      0.0000000      0.0000000
    2      0.0500000      0.0000000
    3      0.1000000      0.0000000
    4      0.1500000      0.0000000
    5      0.2000000      0.0000000
    6      0.2500000      0.0000000
    7      0.3000000      0.0000000
    8      0.3500000      0.0000000
    9      0.4000000      0.0000000
   10      0.4500000      0.0000000
   11      0.5000000      0.0000000
   12      0.5500000      0.0000000
   13      0.6000000      0.0000000
   14      0.6500000      0.0000000
   15      0.7000000      0.0000000
   16      0.7500000      0.0000000
   17      0.8000000      0.0000000
   18      0.8500000      0.0000000
   19      0.9000000      0.0000000
   20      0.9500000      0.0000000
   21      1.0000000      0.0000000
   22      0.0000000      0.0500000
   23      0.0500000      0.0500000
   24      0.1000000      0.0500000
   25      0.1500000      0.0500000
   26      0.2000000      0.0500000
   27      0.2500000      0.0500000
   28      0.3000000      0.0500000
   29      0.3500000      0.0500000
   30      0.4000000      0.0500000
   31      0.4500000      0.0500000
   32      0.5000000      0.0500000
   33      0.5500000      0.0500000
   34      0.6000000      0.0500000
   35      0.6500000      0.0500000
   36      0.7000000      0.0500000
   37      0.7500000      0.0500000
   38      0.8000000      0.0500000
   39      0.8500000      0.0500000
   40      0.9000000      0.0500000
   41      0.9500000      0.0500000
   42      1.0000000      0.0500000
   43      0.0000000      0.1000000
   44      0.0500000      0.1000000
   45      0.1000000      0.1000000
   46      0.1500000      0.1000000
   47      0.2000000      0.1000000
   48      0.2500000      0.1000000
   49      0.3000000      0.1000000
   50      0.3500000      0.1000000
   51      0.4000000      0.1000000
   52      0.4500000      0.1000000
   53      0.5000000      0.1000000
   54      0.5500000      0.1000000
   55      0.6000000      0.1000000
   56      0.6500000      0.1000000
   57      0.7000000      0.1000000
   58      0.7500000      0.1000000
   59      0.8000000      0.1000000
   60      0.8500000      0.1000000
   61      0.9000000      0.1000000
   62      0.9500000      0.1000000
   63      1.0000000      0.1000000
   64      0.0000000      0.1500000
   65      0.0500000      0.1500000
   66      0.1000000      0.1500000
   67      0.1500000      0.1500000
   68      0.2000000      0.1500000
   69      0.2500000      0.1500000
   70      0.3000000      0.1500000
   71      0.3500000      0.1500000
   72      0.4000000      0.1500000
   73      0.4500000      0.1500000
   74      0.5000000      0.1500000
   75      0.5500000      0.1500000
   76      0.6000000      0.1500000
   77      0.6500000      0.1500000
   78      0.7000000      0.1500000
   79      0.7500000      0.1500000
   80      0.8000000      0.1500000
   81      0.8500000      0.1500000
   82      0.9000000      0.1500000
   83      0.9500000      0.1500000
   84      1.0000000      0.1500000
   85      0.0000000      0.2000000
   86      0.0500000      0.2000000
   87      0.1000000      0.2000000
   88      0.1500000      0.2000000
   89      0.2000000      0.2000000
   90      0.2500000      0.2000000
   91      0.3000000      0.2000000
   92      0.3500000      0.2000000
   93      0.4000000      0.2000000
   94      0.4500000      0.2000000
   95      0.5000000      0.2000000
   96      0.5500000      0.2000000
   97      0.6000000      0.2000000
   98      0.6500000      0.2000000
   99      0.7000000      0.2000000
  100      0.7500000      0.2000000
  101      0.8000000      0.2000000
  102      0.8500000      0.2000000
  103      0.9000000      0.2000000
  104      0.9500000      0.2000000
  105      1.0000000      0.2000000
  106      0.0000000      0.2500000
  107      0.0500000      0.2500000
  108      0.1000000      0.2500000
  109      0.1500000      0.2500000
  110      0.2000000      0.2500000
  111      0.2500000      0.2500000
  112      0.3000000      0.2500000
  113      0.3500000      0.2500000
  114      0.4000000      0.2500000
  115      0.4500000      0.2500000
  116      0.5000000      0.2500000
  117      0.5500000      0.2500000
  118      0.6000000      0.2500000
  119      0.6500000      0.2500000
  120      0.7000000      0.2500000
  121      0.7500000      0.2500000
  122      0.8000000      0.2500000
  123      0.8500000      0.2500000
  124      0.9000000      0.2500000
  125      0.9500000      0.2500000
  126      1.0000000      0.2500000
  127      0.0000000      0.3000000
  128      0.0500000      0.3000000
  129      0.1000000      0.3000000
  130      0.1500000      0.3000000
  131      0.2000000      0.3000000
  132      0.2500000      0.3000000
  133      0.3000000      0.3000000
  134      0.3500000      0.3000000
  135      0.4000000      0.3000000
  136      0.4500000      0.3000000
  137      0.5000000      0.3000000
  138      0.5500000      0.3000000
  139      0.6000000      0.3000000
  140      0.6500000      0.3000000
  141      0.7000000      0.3000000
  142      0.7500000      0.3000000
  143      0.8000000      0.3000000
  144      0.8500000      0.3000000
  145      0.9000000      0.3000000
  146      0.9500000      0.3000000
  147      1.0000000      0.3000000
  148      0.0000000      0.3500000
  149      0.0500000      0.3500000
  150      0.1000000      0.3500000
  151      0.1500000      0.3500000
  152      0.2000000      0.3500000
  153      0.2500000      0.3500000
  154      0.3000000      0.3500000
  155      0.3500000      0.3500000
  156      0.4000000      0.3500000
  157      0.4500000      0.3500000
  158      0.5000000      0.3500000
  159      0.5500000      0.3500000
  160      0.6000000      0.3500000
  161      0.6500000      0.3500000
  162      0.7000000      0.3500000
  163      0.7500000      0.3500000
  164      0.8000000      0.3500000
  165      0.8500000      0.3500000
  166      0.9000000      0.3500000
  167      0.9500000      0.3500000
  168      1.0000000      0.3500000
  169      0.0000000      0.4000000
  170      0.0500000      0.4000000
  171      0.1000000      0.4000000
  172      0.1500000      0.4000000
  173      0.2000000      0.4000000
  174      0.2500000      0.4000000
  175      0.3000000      0.4000000
  176      0.3500000      0.4000000
  177      0.4000000      0.4000000
  178      0.4500000      0.4000000
  179      0.5000000      0.4000000
  180      0.5500000      0.4000000
  181      0.6000000      0.4000000
  182      0.6500000      0.4000000
  183      0.7000000      0.4000000
  184      0.7500000      0.4000000
  185      0.8000000      0.4000000
  186      0.8500000      0.4000000
  187      0.9000000      0.4000000
  188      0.9500000      0.4000000
  189      1.0000000      0.4000000
  190      0.0000000      0.4500000
  191      0.0500000      0.4500000
  192      0.1000000      0.4500000
  193      0.1500000      0.4500000
  194      0.2000000      0.4500000
  195      0.2500000      0.4500000
  196      0.3000000      0.4500000
  197      0.3500000      0.4500000
  198      0.4000000      0.4500000
  199      0.4500000      0.4500000
  200      0.5000000      0.4500000
  201      0.5500000      0.4500000
  202      0.6000000      0.4500000
  203      0.6500000      0.4500000
  204      0.7000000      0.4500000
  205      0.7500000      0.4500000
  206      0.8000000      0.4500000
  207      0.8500000      0.4500000
  208      0.9000000      0.4500000
  209      0.9500000      0.4500000
  210      1.0000000      0.4500000
  211      0.0000000      0.5000000
  212      0.0500000      0.5000000
  213      0.1000000      0.5000000
  214      0.1500000      0.5000000
  215      0.2000000      0.5000000
  216      0.2500000      0.5000000
  217      0.3000000      0.5000000
  218      0.3500000      0.5000000
  219      0.4000000      0.5000000
  220      0.4500000      0.5000000
  221      0.5000000      0.5000000
  222      0.5500000      0.5000000
  223      0.6000000      0.5000000
  224      0.6500000      0.5000000
  225      0.7000000      0.5000000
  226      0.7500000      0.5000000
  227      0.8000000      0.5000000
  228      0.8500000      0.5000000
  229      0.9000000      0.5000000
  230      0.9500000      0.5000000
  231      1.0000000      0.5000000
  232      0.0000000      0.5500000
  233      0.0500000      0.5500000
  234      0.1000000      0.5500000
  235      0.1500000      0.5500000
  236      0.2000000      0.5500000
  237      0.2500000      0.5500000
  238      0.3000000      0.5500000
  239      0.3500000      0.5500000
  240      0.4000000      0.5500000
  241      0.4500000      0.5500000
  242      0.5000000      0.5500000
  243      0.5500000      0.5500000
  244      0.6000000      0.5500000
  245      0.6500000      0.5500000
  246      0.7000000      0.5500000
  247      0.7500000      0.5500000
  248      0.8000000      0.5500000
  249      0.8500000      0.5500000
  250      0.9000000      0.5500000
  251      0.9500000      0.5500000
  252      1.0000000      0.5500000
  253      0.0000000      0.6000000
  254      0.0500000      0.6000000
  255      0.1000000      0.6000000
  256      0.1500000      0.6000000
  257      0.2000000      0.6000000
  258      0.2500000      0.6000000
  259      0.3000000      0.6000000
  260      0.3500000      0.6000000
  261      0.4000000      0.6000000
  262      0.4500000      0.6000000
  263      0.5000000      0.6000000
  264      0.5500000      0.6000000
  265      0.6000000      0.6000000
  266      0.6500000      0.6000000
  267      0.7000000      0.6000000
  268      0.7500000      0.6000000
  269      0.8000000      0.6000000
  270      0.8500000      0.6000000
  271      0.9000000      0.6000000
  272      0.9500000      0.6000000
  273      1.0000000      0.6000000
  274      0.0000000      0.6500000
  275      0.0500000      0.6500000
  276      0.1000000      0.6500000
  277      0.1500000      0.6500000
  278      0.2000000      0.6500000
  279      0.2500000      0.6500000
  280      0.3000000      0.6500000
  281      0.3500000      0.6500000
  282      0.4000000      0.6500000
  283      0.4500000      0.6500000
  284      0.5000000      0.6500000
  285      0.5500000      0.6500000
  286      0.6000000      0.6500000
  287      0.6500000      0.6500000
  288      0.7000000      0.6500000
  289      0.7500000      0.6500000
  290      0.8000000      0.6500000
  291      0.8500000      0.6500000
  292      0.9000000      0.6500000
  293      0.9500000      0.6500000
  294      1.0000000      0.6500000
  295      0.0000000      0.7000000
  296      0.0500000      0.7000000
  297      0.1000000      0.7000000
  298      0.1500000      0.7000000
  299      0.2000000      0.7000000
  300      0.2500000      0.7000000
  301      0.3000000      0.7000000
  302      0.3500000      0.7000000
  303      0.4000000      0.7000000
  304      0.4500000      0.7000000
  305      0.5000000      0.7000000
  306      0.5500000      0.7000000
  307      0.6000000      0.7000000
  308      0.6500000      0.7000000
  309      0.7000000      0.7000000
  310      0.7500000      0.7000000
  311      0.8000000      0.7000000
  312      0.8500000      0.7000000
  313      0.9000000      0.7000000
  314      0.9500000      0.7000000
  315      1.0000000      0.7000000
  316      0.0000000      0.7500000
  317      0.0500000      0.7500000
  318      0.1000000      0.7500000
  319      0.1500000      0.7500000
  320      0.2000000      0.7500000
  321      0.2500000      0.7500000
  322      0.3000000      0.7500000
  323      0.3500000      0.7500000
  324      0.4000000      0.7500000
  325      0.4500000      0.7500000
  326      0.5000000      0.7500000
  327      0.5500000      0.7500000
  328      0.6000000      0.7500000
  329      0.6500000      0.7500000
  330      0.7000000      0.7500000
  331      0.7500000      0.7500000
  332      0.8000000      0.7500000
  333      0.8500000      0.7500000
  334      0.9000000      0.7500000
  335      0.9500000      0.7500000
  336      1.0000000      0.7500000
  337      0.0000000      0.8000000
  338      0.0500000      0.8000000
  339      0.1000000      0.8000000
  340      0.1500000      0.8000000
  341      0.2000000      0.8000000
  342      0.2500000      0.8000000
  343      0.3000000      0.8000000
  344      0.3500000      0.8000000
  345      0.4000000      0.8000000
  346      0.4500000      0.8000000
  347      0.5000000      0.8000000
  348      0.5500000      0.8000000
  349      0.6000000      0.8000000
  350      0.6500000      0.8000000
  351      0.7000000      0.8000000
  352      0.7500000      0.8000000
  353      0.8000000      0.8000000
  354      0.8500000      0.8000000
  355      0.9000000      0.8000000
  356      0.9500000      0.8000000
  357      1.0000000      0.8000000
  358      0.0000000      0.8500000
  359      0.0500000      0.8500000
  360      0.1000000      0.8500000
  361      0.1500000      0.8500000
  362      0.2000000      0.8500000
  363      0.2500000      0.8500000
  364      0.3000000      0.8500000
  365      0.3500000      0.8500000
  366      0.4000000      0.8500000
  367      0.4500000      0.8500000
  368      0.5000000      0.8500000
  369      0.5500000      0.8500000
  370      0.6000000      0.8500000
  371      0.6500000      0.8500000
  372      0.7000000      0.8500000
  373      0.7500000      0.8500000
  374      0.8000000      0.8500000
  375      0.8500000      0.8500000
  376      0.9000000      0.8500000
  377      0.9500000      0.8500000
  378      1.0000000      0.8500000
  379      0.0000000      0.9000000
  380      0.0500000      0.9000000
  381      0.1000000      0.9000000
  382      0.1500000      0.9000000
  383      0.2000000      0.9000000
  384      0.2500000      0.9000000
  385      0.3000000      0.9000000
  386      0.3500000      0.9000000
  387      0.4000000      0.9000000
  388      0.4500000      0.9000000
  389      0.5000000      0.9000000
  390      0.5500000      0.9000000
  391      0.6000000      0.9000000
  392      0.6500000      0.9000000
  393      0.7000000      0.9000000
  394      0.7500000      0.9000000
  395      0.8000000      0.9000000
  396      0.8500000      0.9000000
  397      0.9000000      0.9000000
  398      0.9500000      0.9000000
  399      1.0000000      0.9000000
  400      0.0000000      0.9500000
  401      0.0500000      0.9500000
  402      0.1000000      0.9500000
  403      0.1500000      0.9500000
  404      0.2000000      0.9500000
  405      0.2500000      0.9500000
  406      0.3000000      0.9500000
  407      0.3500000      0.9500000
  408      0.4000000      0.9500000
  409      0.4500000      0.9500000
  410      0.5000000      0.9500000
  411      0.5500000      0.9500000
  412      0.6000000      0.9500000
  413      0.6500000      0.9500000
  414      0.7000000      0.9500000
  415      0.7500000      0.9500000
  416      0.8000000      0.9500000
  417      0.8500000      0.9500000
  418      0.9000000      0.9500000
  419      0.9500000      0.9500000
  420      1.0000000      0.9500000
  421      0.0000000      1.0000000
  422      0.0500000      1.0000000
  423      0.1000000      1.0000000
  424      0.1500000      1.0000000
  425      0.2000000      1.0000000
  426      0.2500000      1.0000000
  427      0.3000000      1.0000000
  428      0.3500000      1.0000000
  429      0.4000000      1.0000000
  430      0.4500000      1.0000000
  431      0.5000000      1.0000000
  432      0.5500000      1.0000000
  433      0.6000000      1.0000000
  434      0.6500000      1.0000000
  435      0.7000000      1.0000000
  436      0.7500000      1.0000000
  437      0.8000000      1.0000000
  438      0.8500000      1.0000000
  439      0.9000000      1.0000000
  440      0.9500000      1.0000000
  441      1.0000000      1.0000000
    1      0.0000000      0.0000000
    2      0.0000000      0.0000000
    3      0.0000000      0.0000000
    4      0.0000000      0.0000000
    5      0.0000000      0.0000000
    6      0.0000000      0.0000000
    7      0.0000000      0.0000000
    8      0.0000000      0.0000000
    9      0.0000000      0.0000000
   10      0.0000000      0.0000000
   11      0.0000000      0.0000000
   12      0.0000000      0.0000000
   13      0.0000000      0.0000000
   14      0.0000000      0.0000000
   15      0.0000000      0.0000000
   16      0.0000000      0.0000000
   17      0.0000000      0.0000000
   18      0.0000000      0.0000000
   19      0.0000000      0.0000000
   20      0.0000000      0.0000000
   21      0.0000000      0.0000000
   22      0.0400000      0.0000000
   23      0.0400000      0.0000000
   24      0.0400000      0.0000000
   25      0.0400000      0.0000000
   26      0.0400000      0.0000000
   27      0.0400000      0.0000000
   28      0.0400000      0.0000000
   29      0.0400000      0.0000000
   30      0.0400000      0.0000000
   31      0.0400000      0.0000000
   32      0.0400000      0.0000000
   33      0.0400000      0.0000000
   34      0.0400000      0.0000000
   35      0.0400000      0.0000000
   36      0.0400000      0.0000000
   37      0.0400000      0.0000000
   38      0.0400000      0.0000000
   39      0.0400000      0.0000000
   40      0.0400000      0.0000000
   41      0.0400000      0.0000000
   42      0.0400000      0.0000000
   43      0.0800000      0.0000000
   44      0.0800000      0.0000000
   45      0.0800000      0.0000000
   46      0.0800000      0.0000000
   47      0.0800000      0.0000000
   48      0.0800000      0.0000000
   49      0.0800000      0.0000000
   50      0.0800000      0.0000000
   51      0.0800000      0.0000000
   52      0.0800000      0.0000000
   53      0.0800000      0.0000000
   54      0.0800000      0.0000000
   55      0.0800000      0.0000000
   56      0.0800000      0.0000000
   57      0.0800000      0.0000000
   58      0.0800000      0.0000000
   59      0.0800000      0.0000000
   60      0.0800000      0.0000000
   61      0.0800000      0.0000000
   62      0.0800000      0.0000000
   63      0.0800000      0.0000000
   64      0.1200000      0.0000000
   65      0.1200000      0.0000000
   66      0.1200000      0.0000000
   67      0.1200000      0.0000000
   68      0.1200000      0.0000000
   69      0.1200000      0.0000000
   70      0.1200000      0.0000000
   71      0.1200000      0.0000000
   72      0.1200000      0.0000000
   73      0.1200000      0.0000000
   74      0.1200000      0.0000000
   75      0.1200000      0.0000000
   76      0.1200000      0.0000000
   77      0.1200000      0.0000000
   78      0.1200000      0.0000000
   79      0.1200000      0.0000000
   80      0.1200000      0.0000000
   81      0.1200000      0.0000000
   82      0.1200000      0.0000000
   83      0.1200000      0.0000000
   84      0.1200000      0.0000000
   85      0.1600000      0.0000000
   86      0.1600000      0.0000000
   87      0.1600000      0.0000000
   88      0.1600000      0.0000000
   89      0.1600000      0.0000000
   90      0.1600000      0.0000000
   91      0.1600000      0.0000000
   92      0.1600000      0.0000000
   93      0.1600000      0.0000000
   94      0.1600000      0.0000000
   95      0.1600000      0.0000000
   96      0.1600000      0.0000000
   97      0.1600000      0.0000000
   98      0.1600000      0.0000000
   99      0.1600000      0.0000000
  100      0.1600000      0.0000000
  101      0.1600000      0.0000000
  102      0.1600000      0.0000000
  103      0.1600000      0.0000000
  104      0.1600000      0.0000000
  105      0.1600000      0.0000000
  106      0.2000000      0.0000000
  107      0.2000000      0.0000000
  108      0.2000000      0.0000000
  109      0.2000000      0.0000000
  110      0.2000000      0.0000000
  111      0.2000000      0.0000000
  112      0.2000000      0.0000000
  113      0.2000000      0.0000000
  114      0.2000000      0.0000000
  115      0.2000000      0.0000000
  116      0.2000000      0.0000000
  117      0.2000000      0.0000000
  118      0.2000000      0.0000000
  119      0.2000000      0.0000000
  120      0.2000000      0.0000000
  121      0.2000000      0.0000000
  122      0.2000000      0.0000000
  123      0.2000000      0.0000000
  124      0.2000000      0.0000000
  125      0.2000000      0.0000000
  126      0.2000000      0.0000000
  127      0.2400000      0.0000000
  128      0.2400000      0.0000000
  129      0.2400000      0.0000000
  130      0.2400000      0.0000000
  131      0.2400000      0.0000000
  132      0.2400000      0.0000000
  133      0.2400000      0.0000000
  134      0.2400000      0.0000000
  135      0.2400000      0.0000000
  136      0.2400000      0.0000000
  137      0.2400000      0.0000000
  138      0.2400000      0.0000000
  139      0.2400000      0.0000000
  140      0.2400000      0.0000000
  141      0.2400000      0.0000000
  142      0.2400000      0.0000000
  143      0.2400000      0.0000000
  144      0.2400000      0.0000000
  145      0.2400000      0.0000000
  146      0.2400000      0.0000000
  147      0.2400000      0.0000000
  148      0.2800000      0.0000000
  149      0.2800000      0.0000000
  150      0.2800000      0.0000000
  151      0.2800000      0.0000000
  152      0.2800000      0.0000000
  153      0.2800000      0.0000000
  154      0.2800000      0.0000000
  155      0.2800000      0.0000000
  156      0.2800000      0.0000000
  157      0.2800000      0.0000000
  158      0.2800000      0.0000000
  159      0.2800000      0.0000000
  160      0.2800000      0.0000000
  161      0.2800000      0.0000000
  162      0.2800000      0.0000000
  163      0.2800000      0.0000000
  164      0.2800000      0.0000000
  165      0.2800000      0.0000000
  166      0.2800000      0.0000000
  167      0.2800000      0.0000000
  168      0.2800000      0.0000000
  169      0.3200000      0.0000000
  170      0.3200000      0.0000000
  171      0.3200000      0.0000000
  172      0.3200000      0.0000000
  173      0.3200000      0.0000000
  174      0.3200000      0.0000000
  175      0.3200000      0.0000000
  176      0.3200000      0.0000000
  177      0.3200000      0.0000000
  178      0.3200000      0.0000000
  179      0.3200000      0.0000000
  180      0.3200000      0.0000000
  181      0.3200000      0.0000000
  182      0.3200000      0.0000000
  183      0.3200000      0.0000000
  184      0.3200000      0.0000000
  185      0.3200000      0.0000000
  186      0.3200000      0.0000000
  187      0.3200000      0.0000000
  188      0.3200000      0.0000000
  189      0.3200000      0.0000000
  190      0.3600000      0.0000000
  191      0.3600000      0.0000000
  192      0.3600000      0.0000000
  193      0.3600000      0.0000000
  194      0.3600000      0.0000000
  195      0.3600000      0.0000000
  196      0.3600000      0.0000000
  197      0.3600000      0.0000000
  198      0.3600000      0.0000000
  199      0.3600000      0.0000000
  200      0.3600000      0.0000000
  201      0.3600000      0.0000000
  202      0.3600000      0.0000000
  203      0.3600000      0.0000000
  204      0.3600000      0.0000000
  205      0.3600000      0.0000000
  206      0.3600000      0.0000000
  207      0.3600000      0.0000000
  208      0.3600000      0.0000000
  209      0.3600000      0.0000000
  210      0.3600000      0.0000000
  211      0.4000000      0.0000000
  212      0.4000000      0.0000000
  213      0.4000000      0.0000000
  214      0.4000000      0.0000000
  215      0.4000000      0.0000000
  216      0.4000000      0.0000000
  217      0.4000000      0.0000000
  218      0.4000000      0.0000000
  219      0.4000000      0.0000000
  220      0.4000000      0.0000000
  221      0.4000000      0.0000000
  222      0.4000000      0.0000000
  223      0.4000000      0.0000000
  224      0.4000000      0.0000000
  225      0.4000000      0.0000000
  226      0.4000000      0.0000000
  227      0.4000000      0.0000000
  228      0.4000000      0.0000000
  229      0.4000000      0.0000000
  230      0.4000000      0.0000000
  231      0.4000000      0.0000000
  232      0.4400000      0.0000000
  233      0.4400000      0.0000000
  234      0.4400000      0.0000000
  235      0.4400000      0.0000000
  236      0.4400000      0.0000000
  237      0.4400000      0.0000000
  238      0.4400000      0.0000000
  239      0.4400000      0.0000000
  240      0.4400000      0.0000000
  241      0.4400000      0.0000000
  242      0.4400000      0.0000000
  243      0.4400000      0.0000000
  244      0.4400000      0.0000000
  245      0.4400000      0.0000000
  246      0.4400000      0.0000000
  247      0.4400000      0.0000000
  248      0.4400000      0.0000000
  249      0.4400000      0.0000000
  250      0.4400000      0.0000000
  251      0.4400000      0.0000000
  252      0.4400000      0.0000000
  253      0.4800000      0.0000000
  254      0.4800000      0.0000000
  255      0.4800000      0.0000000
  256      0.4800000      0.0000000
  257      0.4800000      0.0000000
  258      0.4800000      0.0000000
  259      0.4800000      0.0000000
  260      0.4800000      0.0000000
  261      0.4800000      0.0000000
  262      0.4800000      0.0000000
  263      0.4800000      0.0000000
  264      0.4800000      0.0000000
  265      0.4800000      0.0000000
  266      0.4800000      0.0000000
  267      0.4800000      0.0000000
  268      0.4800000      0.0000000
  269      0.4800000      0.0000000
  270      0.4800000      0.0000000
  271      0.4800000      0.0000000
  272      0.4800000      0.0000000
  273      0.4800000      0.0000000
  274      0.5200000      0.0000000
  275      0.5200000      0.0000000
  276      0.5200000      0.0000000
  277      0.5200000      0.0000000
  278      0.5200000      0.0000000
  279      0.5200000      0.0000000
  280      0.5200000      0.0000000
  281      0.5200000      0.0000000
  282      0.5200000      0.0000000
  283      0.5200000      0.0000000
  284      0.5200000      0.0000000
  285      0.5200000      0.0000000
  286      0.5200000      0.0000000
  287      0.5200000      0.0000000
  288      0.5200000      0.0000000
  289      0.5200000      0.0000000
  290      0.5200000      0.0000000
  291      0.5200000      0.0000000
  292      0.5200000      0.0000000
  293      0.5200000      0.0000000
  294      0.5200000      0.0000000
  295      0.5600000      0.0000000
  296      0.5600000      0.0000000
  297      0.5600000      0.0000000
  298      0.5600000      0.0000000
  299      0.5600000      0.0000000
  300      0.5600000      0.0000000
  301      0.5600000      0.0000000
  302      0.5600000      0.0000000
  303      0.5600000      0.0000000
  304      0.5600000      0.0000000
  305      0.5600000      0.0000000
  306      0.5600000      0.0000000
  307      0.5600000      0.0000000
  308      0.5600000      0.0000000
  309      0.5600000      0.0000000
  310      0.5600000      0.0000000
  311      0.5600000      0.0000000
  312      0.5600000      0.0000000
  313      0.5600000      0.0000000
  314      0.5600000      0.0000000
  315      0.5600000      0.0000000
  316      0.6000000      0.0000000
  317      0.6000000      0.0000000
  318      0.6000000      0.0000000
  319      0.6000000      0.0000000
  320      0.6000000      0.0000000
  321      0.6000000      0.0000000
  322      0.6000000      0.0000000
  323      0.6000000      0.0000000
  324      0.6000000      0.0000000
  325      0.6000000      0.0000000
  326      0.6000000      0.0000000
  327      0.6000000      0.0000000
  328      0.6000000      0.0000000
  329      0.6000000      0.0000000
  330      0.6000000      0.0000000
  331      0.6000000      0.0000000
  332      0.6000000      0.0000000
  333      0.6000000      0.0000000
  334      0.6000000      0.0000000
  335      0.6000000      0.0000000
  336      0.6000000      0.0000000
  337      0.6400000      0.0000000
  338      0.6400000      0.0000000
  339      0.6400000      0.0000000
  340      0.6400000      0.0000000
  341      0.6400000      0.0000000
  342      0.6400000      0.0000000
  343      0.6400000      0.0000000
  344      0.6400000      0.0000000
  345      0.6400000      0.0000000
  346      0.6400000      0.0000000
  347      0.6400000      0.0000000
  348      0.6400000      0.0000000
  349      0.6400000      0.0000000
  350      0.6400000      0.0000000
  351      0.6400000      0.0000000
  352      0.6400000      0.0000000
  353      0.6400000      0.0000000
  354      0.6400000      0.0000000
  355      0.6400000      0.0000000
  356      0.6400000      0.0000000
  357      0.6400000      0.0000000
  358      0.6800000      0.0000000
  359      0.6800000      0.0000000
  360      0.6800000      0.0000000
  361      0.6800000      0.0000000
  362      0.6800000      0.0000000
  363      0.6800000      0.0000000
  364      0.6800000      0.0000000
  365      0.6800000      0.0000000
  366      0.6800000      0.0000000
  367      0.6800000      0.0000000
  368      0.6800000      0.0000000
  369      0.6800000      0.0000000
  370      0.6800000      0.0000000
  371      0.6800000      0.0000000
  372      0.6800000      0.0000000
  373      0.6800000      0.0000000
  374      0.6800000      0.0000000
  375      0.6800000      0.0000000
  376      0.6800000      0.0000000
  377      0.6800000      0.0000000
  378      0.6800000      0.0000000
  379      0.7200000      0.0000000
  380      0.7200000      0.0000000
  381      0.7200000      0.0000000
  382      0.7200000      0.0000000
  383      0.7200000      0.0000000
  384      0.7200000      0.0000000
  385      0.7200000      0.0000000
  386      0.7200000      0.0000000
  387      0.7200000      0.0000000
  388      0.7200000      0.0000000
  389      0.7200000      0.0000000
  390      0.7200000      0.0000000
  391      0.7200000      0.0000000
  392      0.7200000      0.0000000
  393      0.7200000      0.0000000
  394      0.7200000      0.0000000
  395      0.7200000      0.0000000
  396      0.7200000      0.0000000
  397      0.7200000      0.0000000
  398      0.7200000      0.0000000
  399      0.7200000      0.0000000
  400      0.7600000      0.0000000
  401      0.7600000      0.0000000
  402      0.7600000      0.0000000
  403      0.7600000      0.0000000
  404      0.7600000      0.0000000
  405      0.7600000      0.0000000
  406      0.7600000      0.0000000
  407      0.7600000      0.0000000
  408      0.7600000      0.0000000
  409      0.7600000      0.0000000
  410      0.7600000      0.0000000
  411      0.7600000      0.0000000
  412      0.7600000      0.0000000
  413      0.7600000      0.0000000
  414      0.7600000      0.0000000
  415      0.7600000      0.0000000
  416      0.7600000      0.0000000
  417      0.7600000      0.0000000
  418      0.7600000      0.0000000
  419      0.7600000      0.0000000
  420      0.7600000      0.0000000
  421      0.8000000      0.0000000
  422      0.8000000      0.0000000
  423      0.8000000      0.0000000
  424      0.8000000      0.0000000
  425      0.8000000      0.0000000
  426      0.8000000      0.0000000
  427      0.8000000      0.0000000
  428      0.8000000      0.0000000
  429      0.8000000      0.0000000
  430      0.8000000      0.0000000
  431      0.8000000      0.0000000
  432      0.8000000      0.0000000
  433      0.8000000      0.0000000
  434      0.8000000      0.0000000
  435      0.8000000      0.0000000
  436      0.8000000      0.0000000
  437      0.8000000      0.0000000
  438      0.8000000      0.0000000
  439      0.8000000      0.0000000
  440      0.8000000      0.0000000
  441      0.8000000      0.0000000
