  0.000000  0.000000  0.002177
  0.000000  0.000000  0.004354
  0.000000  0.000000  0.006531
  0.000000  0.000000  0.008709
  0.000000  0.000000  0.010886
  0.000000  0.000000  0.013063
  0.000000  0.000000  0.015240
  0.000000  0.000000  0.017417
  0.000000  0.000000  0.019594
  0.000000  0.000000  0.021771
  0.000000  0.000000  0.023949
  0.000000  0.000000  0.026126
  0.000000  0.000000  0.028303
  0.000000  0.000000  0.030480
  0.000000  0.000000  0.032657
  0.000000  0.000000  0.034834
  0.000000  0.000000  0.037011
  0.000000  0.000001  0.039189
  0.000000  0.000001  0.041366
  0.000000  0.000001  0.043543
  0.000000  0.000001  0.045720
  0.000000  0.000001  0.047897
  0.000000  0.000001  0.050074
  0.000000  0.000001  0.052251
  0.000000  0.000001  0.054429
  0.000000  0.000001  0.056606
  0.000000  0.000001  0.058783
  0.000000  0.000001  0.060960
  0.000000  0.000001  0.063137
  0.000001  0.000001  0.065314
  0.000001  0.000001  0.067491
  0.000001  0.000001  0.069669
  0.000001  0.000001  0.071846
  0.000001  0.000001  0.074023
  0.000001  0.000001  0.076200
  0.000001  0.000001  0.078377
  0.000001  0.000001  0.080554
  0.000001  0.000001  0.082732
  0.000001  0.000001  0.084909
  0.000001  0.000001  0.087086
  0.000001  0.000001  0.089263
  0.000001  0.000001  0.091440
  0.000001  0.000001  0.093617
  0.000001  0.000001  0.095794
  0.000001  0.000001  0.097972
  0.000002  0.000001  0.100149
  0.000002  0.000001  0.102326
  0.000002  0.000001  0.104503
  0.000002  0.000001  0.106680
  0.000002  0.000001  0.108857
  0.000002  0.000001  0.111034
  0.000002  0.000000  0.113212
  0.000003  0.000000  0.115389
  0.000003  0.000000  0.117566
  0.000003  0.000000  0.119743
  0.000003  0.000000  0.121920
  0.000004 -0.000000  0.124097
  0.000004 -0.000000  0.126274
  0.000004 -0.000000  0.128452
  0.000005 -0.000001  0.130629
  0.000005 -0.000001  0.132806
  0.000006 -0.000001  0.134983
  0.000006 -0.000001  0.137160
  0.000007 -0.000001  0.139337
  0.000007 -0.000002  0.141514
  0.000008 -0.000002  0.143692
  0.000008 -0.000002  0.145869
  0.000009 -0.000003  0.148046
  0.000010 -0.000003  0.150223
  0.000010 -0.000003  0.152400
  0.000011 -0.000004  0.154577
  0.000012 -0.000004  0.156754
  0.000013 -0.000005  0.158932
  0.000014 -0.000005  0.161109
  0.000015 -0.000006  0.163286
  0.000016 -0.000006  0.165463
  0.000017 -0.000007  0.167640
  0.000019 -0.000008  0.169817
  0.000020 -0.000008  0.171994
  0.000021 -0.000009  0.174172
  0.000023 -0.000010  0.176349
  0.000024 -0.000011  0.178526
  0.000026 -0.000011  0.180703
  0.000028 -0.000012  0.182880
  0.000030 -0.000013  0.185057
  0.000032 -0.000014  0.187234
  0.000034 -0.000015  0.189412
  0.000036 -0.000017  0.191589
  0.000038 -0.000018  0.193766
  0.000040 -0.000019  0.195943
  0.000043 -0.000020  0.198120
  0.000045 -0.000022  0.200297
  0.000048 -0.000023  0.202474
  0.000051 -0.000025  0.204652
  0.000054 -0.000026  0.206829
  0.000057 -0.000028  0.209006
  0.000060 -0.000030  0.211183
  0.000064 -0.000032  0.213360
  0.000067 -0.000033  0.215537
  0.000071 -0.000035  0.217715
  0.000075 -0.000038  0.219892
  0.000079 -0.000040  0.222069
  0.000083 -0.000042  0.224246
  0.000088 -0.000044  0.226423
  0.000092 -0.000047  0.228600
  0.000097 -0.000049  0.230777
  0.000102 -0.000052  0.232955
  0.000107 -0.000055  0.235132
  0.000113 -0.000058  0.237309
  0.000118 -0.000061  0.239486
  0.000124 -0.000064  0.241663
  0.000130 -0.000067  0.243840
  0.000136 -0.000070  0.246017
  0.000143 -0.000074  0.248195
  0.000149 -0.000078  0.250372
  0.000156 -0.000081  0.252549
  0.000163 -0.000085  0.254726
  0.000171 -0.000089  0.256903
  0.000179 -0.000093  0.259080
  0.000187 -0.000098  0.261257
  0.000195 -0.000102  0.263435
  0.000203 -0.000107  0.265612
  0.000212 -0.000112  0.267789
  0.000221 -0.000116  0.269966
  0.000230 -0.000122  0.272143
  0.000240 -0.000127  0.274320
  0.000250 -0.000132  0.276497
  0.000260 -0.000138  0.278675
  0.000271 -0.000144  0.280852
  0.000282 -0.000150  0.283029
  0.000293 -0.000156  0.285206
  0.000305 -0.000162  0.287383
  0.000317 -0.000169  0.289560
  0.000329 -0.000175  0.291737
  0.000341 -0.000182  0.293915
  0.000354 -0.000189  0.296092
  0.000368 -0.000197  0.298269
  0.000381 -0.000204  0.300446
  0.000396 -0.000212  0.302623
  0.000410 -0.000220  0.304800
  0.000425 -0.000228  0.306977
  0.000440 -0.000237  0.309155
  0.000456 -0.000245  0.311332
  0.000472 -0.000254  0.313509
  0.000488 -0.000263  0.315686
  0.000505 -0.000273  0.317863
  0.000523 -0.000283  0.320040
  0.000541 -0.000293  0.322217
  0.000559 -0.000303  0.324395
  0.000577 -0.000313  0.326572
  0.000597 -0.000324  0.328749
  0.000616 -0.000335  0.330926
  0.000636 -0.000346  0.333103
  0.000657 -0.000358  0.335280
  0.000678 -0.000370  0.337457
  0.000700 -0.000382  0.339635
  0.000722 -0.000395  0.341812
  0.000744 -0.000408  0.343989
  0.000767 -0.000421  0.346166
  0.000791 -0.000434  0.348343
  0.000815 -0.000448  0.350520
  0.000840 -0.000462  0.352697
  0.000865 -0.000477  0.354875
  0.000891 -0.000492  0.357052
  0.000917 -0.000507  0.359229
  0.000944 -0.000523  0.361406
  0.000971 -0.000539  0.363583
  0.000999 -0.000555  0.365760
  0.001028 -0.000572  0.367938
  0.001057 -0.000589  0.370115
  0.001087 -0.000607  0.372292
  0.001118 -0.000625  0.374469
  0.001149 -0.000643  0.376646
  0.001180 -0.000662  0.378823
  0.001213 -0.000682  0.381000
  0.001246 -0.000702  0.383178
  0.001280 -0.000722  0.385355
  0.001314 -0.000743  0.387532
  0.001349 -0.000764  0.389709
  0.001385 -0.000786  0.391886
  0.001421 -0.000808  0.394063
  0.001458 -0.000831  0.396240
  0.001496 -0.000854  0.398418
  0.001535 -0.000878  0.400595
  0.001574 -0.000903  0.402772
  0.001614 -0.000928  0.404949
  0.001655 -0.000954  0.407126
  0.001697 -0.000980  0.409303
  0.001739 -0.001007  0.411480
  0.001782 -0.001034  0.413658
  0.001826 -0.001062  0.415835
  0.001871 -0.001091  0.418012
  0.001917 -0.001121  0.420189
  0.001963 -0.001151  0.422366
  0.002010 -0.001182  0.424543
  0.002058 -0.001213  0.426720
  0.002107 -0.001245  0.428898
  0.002157 -0.001278  0.431075
  0.002208 -0.001312  0.433252
  0.002260 -0.001347  0.435429
  0.002313 -0.001382  0.437606
  0.002366 -0.001418  0.439783
  0.002421 -0.001455  0.441960
  0.002476 -0.001493  0.444138
  0.002533 -0.001531  0.446315
  0.002590 -0.001571  0.448492
  0.002649 -0.001611  0.450669
  0.002708 -0.001653  0.452846
  0.002769 -0.001695  0.455023
  0.002830 -0.001738  0.457200
  0.002893 -0.001782  0.459378
  0.002957 -0.001827  0.461555
  0.003021 -0.001873  0.463732
  0.003087 -0.001920  0.465909
  0.003154 -0.001968  0.468086
  0.003223 -0.002018  0.470263
  0.003292 -0.002068  0.472440
  0.003362 -0.002119  0.474618
  0.003434 -0.002172  0.476795
  0.003507 -0.002225  0.478972
  0.003581 -0.002280  0.481149
  0.003656 -0.002336  0.483326
  0.003733 -0.002393  0.485503
  0.003811 -0.002451  0.487680
  0.003890 -0.002511  0.489858
  0.003970 -0.002572  0.492035
  0.004052 -0.002634  0.494212
  0.004135 -0.002697  0.496389
  0.004220 -0.002762  0.498566
  0.004305 -0.002827  0.500743
  0.004393 -0.002895  0.502921
  0.004481 -0.002963  0.505098
  0.004571 -0.003033  0.507275
  0.004663 -0.003105  0.509452
  0.004756 -0.003178  0.511629
  0.004850 -0.003252  0.513806
  0.004946 -0.003327  0.515983
  0.005043 -0.003405  0.518161
  0.005142 -0.003483  0.520338
  0.005243 -0.003563  0.522515
  0.005345 -0.003645  0.524692
  0.005448 -0.003728  0.526869
  0.005554 -0.003813  0.529046
  0.005661 -0.003899  0.531223
  0.005769 -0.003987  0.533401
  0.005879 -0.004076  0.535578
  0.005991 -0.004167  0.537755
  0.006104 -0.004260  0.539932
  0.006220 -0.004354  0.542109
  0.006336 -0.004450  0.544286
  0.006455 -0.004548  0.546463
  0.006575 -0.004647  0.548641
  0.006698 -0.004748  0.550818
  0.006822 -0.004851  0.552995
  0.006947 -0.004955  0.555172
  0.007075 -0.005061  0.557349
  0.007204 -0.005169  0.559526
  0.007336 -0.005278  0.561703
  0.007469 -0.005389  0.563881
  0.007604 -0.005502  0.566058
  0.007741 -0.005617  0.568235
  0.007879 -0.005733  0.570412
  0.008020 -0.005852  0.572589
  0.008163 -0.005972  0.574766
  0.008307 -0.006093  0.576943
  0.008454 -0.006217  0.579121
  0.008602 -0.006342  0.581298
  0.008753 -0.006469  0.583475
  0.008905 -0.006598  0.585652
  0.009060 -0.006728  0.587829
  0.009216 -0.006860  0.590006
  0.009375 -0.006995  0.592183
  0.009536 -0.007130  0.594361
  0.009698 -0.007268  0.596538
  0.009863 -0.007407  0.598715
  0.010030 -0.007548  0.600892
  0.010199 -0.007691  0.603069
  0.010370 -0.007836  0.605246
  0.010543 -0.007982  0.607423
  0.010718 -0.008130  0.609601
  0.010895 -0.008280  0.611778
  0.011075 -0.008431  0.613955
  0.011256 -0.008584  0.616132
  0.011440 -0.008739  0.618309
  0.011626 -0.008895  0.620486
  0.011814 -0.009054  0.622663
  0.012004 -0.009213  0.624841
  0.012196 -0.009375  0.627018
  0.012391 -0.009538  0.629195
  0.012587 -0.009702  0.631372
  0.012786 -0.009869  0.633549
  0.012987 -0.010036  0.635726
  0.013190 -0.010206  0.637903
  0.013395 -0.010377  0.640081
  0.013602 -0.010549  0.642258
  0.013812 -0.010723  0.644435
  0.014023 -0.010898  0.646612
  0.014237 -0.011075  0.648789
  0.014453 -0.011253  0.650966
  0.014671 -0.011433  0.653144
  0.014891 -0.011614  0.655321
  0.015114 -0.011797  0.657498
  0.015338 -0.011981  0.659675
  0.015565 -0.012166  0.661852
  0.015794 -0.012353  0.664029
  0.016025 -0.012541  0.666206
  0.016258 -0.012730  0.668384
  0.016493 -0.012920  0.670561
  0.016730 -0.013112  0.672738
  0.016970 -0.013305  0.674915
  0.017211 -0.013499  0.677092
  0.017455 -0.013694  0.679269
  0.017700 -0.013891  0.681446
  0.017948 -0.014088  0.683624
  0.018197 -0.014287  0.685801
  0.018449 -0.014487  0.687978
  0.018703 -0.014687  0.690155
  0.018959 -0.014889  0.692332
  0.019216 -0.015092  0.694509
  0.019476 -0.015296  0.696686
  0.019738 -0.015501  0.698864
  0.020001 -0.015706  0.701041
  0.020267 -0.015913  0.703218
  0.020534 -0.016121  0.705395
  0.020804 -0.016329  0.707572
  0.021075 -0.016539  0.709749
  0.021348 -0.016749  0.711926
  0.021623 -0.016960  0.714104
  0.021900 -0.017172  0.716281
  0.022179 -0.017384  0.718458
  0.022460 -0.017598  0.720635
  0.022742 -0.017812  0.722812
  0.023026 -0.018027  0.724989
  0.023312 -0.018242  0.727166
  0.023600 -0.018459  0.729344
  0.023889 -0.018676  0.731521
  0.024180 -0.018893  0.733698
  0.024473 -0.019112  0.735875
  0.024768 -0.019331  0.738052
  0.025064 -0.019550  0.740229
  0.025361 -0.019771  0.742406
  0.025661 -0.019992  0.744584
  0.025962 -0.020213  0.746761
  0.026265 -0.020435  0.748938
  0.026569 -0.020658  0.751115
  0.026874 -0.020881  0.753292
  0.027182 -0.021105  0.755469
  0.027490 -0.021329  0.757646
  0.027801 -0.021554  0.759824
  0.028112 -0.021779  0.762001
  0.028426 -0.022005  0.764178
  0.028740 -0.022232  0.766355
  0.029056 -0.022459  0.768532
  0.029374 -0.022686  0.770709
  0.029692 -0.022914  0.772886
  0.030013 -0.023143  0.775064
  0.030334 -0.023372  0.777241
  0.030657 -0.023602  0.779418
  0.030981 -0.023832  0.781595
  0.031306 -0.024062  0.783772
  0.031633 -0.024294  0.785949
  0.031961 -0.024525  0.788126
  0.032290 -0.024758  0.790304
  0.032621 -0.024990  0.792481
  0.032952 -0.025224  0.794658
  0.033285 -0.025458  0.796835
  0.033619 -0.025692  0.799012
  0.033954 -0.025927  0.801189
  0.034290 -0.026162  0.803367
  0.034627 -0.026398  0.805544
  0.034966 -0.026635  0.807721
  0.035305 -0.026872  0.809898
  0.035646 -0.027110  0.812075
  0.035987 -0.027348  0.814252
  0.036330 -0.027587  0.816429
  0.036673 -0.027827  0.818607
  0.037018 -0.028067  0.820784
  0.037364 -0.028308  0.822961
  0.037710 -0.028550  0.825138
  0.038058 -0.028792  0.827315
  0.038406 -0.029035  0.829492
  0.038756 -0.029278  0.831669
  0.039106 -0.029522  0.833847
  0.039457 -0.029767  0.836024
  0.039810 -0.030013  0.838201
  0.040163 -0.030259  0.840378
  0.040517 -0.030506  0.842555
  0.040872 -0.030754  0.844732
  0.041227 -0.031003  0.846909
  0.041584 -0.031252  0.849087
  0.041941 -0.031502  0.851264
  0.042299 -0.031753  0.853441
  0.042658 -0.032004  0.855618
  0.043018 -0.032257  0.857795
  0.043379 -0.032510  0.859972
  0.043740 -0.032764  0.862149
  0.044103 -0.033019  0.864327
  0.044466 -0.033275  0.866504
  0.044829 -0.033531  0.868681
  0.045194 -0.033788  0.870858
  0.045559 -0.034047  0.873035
  0.045926 -0.034306  0.875212
  0.046292 -0.034566  0.877389
  0.046660 -0.034826  0.879567
  0.047028 -0.035088  0.881744
  0.047397 -0.035351  0.883921
  0.047767 -0.035614  0.886098
  0.048138 -0.035878  0.888275
  0.048509 -0.036143  0.890452
  0.048881 -0.036409  0.892629
  0.049254 -0.036676  0.894807
  0.049627 -0.036944  0.896984
  0.050001 -0.037212  0.899161
  0.050376 -0.037482  0.901338
  0.050752 -0.037752  0.903515
  0.051128 -0.038023  0.905692
  0.051505 -0.038295  0.907869
  0.051883 -0.038568  0.910047
  0.052262 -0.038842  0.912224
  0.052641 -0.039117  0.914401
  0.053021 -0.039392  0.916578
  0.053401 -0.039668  0.918755
  0.053782 -0.039945  0.920932
  0.054164 -0.040223  0.923109
  0.054547 -0.040501  0.925287
  0.054930 -0.040780  0.927464
  0.055315 -0.041060  0.929641
  0.055699 -0.041341  0.931818
  0.056085 -0.041623  0.933995
  0.056471 -0.041905  0.936172
  0.056858 -0.042187  0.938350
  0.057246 -0.042471  0.940527
  0.057634 -0.042755  0.942704
  0.058023 -0.043040  0.944881
  0.058413 -0.043325  0.947058
  0.058803 -0.043611  0.949235
  0.059195 -0.043897  0.951412
  0.059586 -0.044184  0.953590
  0.059979 -0.044471  0.955767
  0.060372 -0.044759  0.957944
  0.060766 -0.045047  0.960121
  0.061161 -0.045336  0.962298
  0.061556 -0.045625  0.964475
  0.061953 -0.045914  0.966652
  0.062349 -0.046204  0.968830
  0.062747 -0.046494  0.971007
  0.063145 -0.046784  0.973184
  0.063544 -0.047075  0.975361
  0.063944 -0.047366  0.977538
  0.064344 -0.047656  0.979715
  0.064746 -0.047948  0.981892
  0.065147 -0.048239  0.984070
  0.065550 -0.048530  0.986247
  0.065953 -0.048821  0.988424
  0.066357 -0.049113  0.990601
  0.066762 -0.049404  0.992778
  0.067167 -0.049695  0.994955
  0.067573 -0.049986  0.997132
  0.067980 -0.050278  0.999310
  0.068388 -0.050569  1.001487
  0.068796 -0.050859  1.003664
  0.069205 -0.051150  1.005841
  0.069614 -0.051440  1.008018
  0.070024 -0.051730  1.010195
  0.070435 -0.052020  1.012372
  0.070847 -0.052310  1.014550
  0.071259 -0.052599  1.016727
  0.071672 -0.052887  1.018904
  0.072086 -0.053176  1.021081
  0.072500 -0.053463  1.023258
  0.072915 -0.053751  1.025435
  0.073331 -0.054038  1.027612
  0.073748 -0.054324  1.029790
  0.074165 -0.054610  1.031967
  0.074582 -0.054895  1.034144
  0.075001 -0.055179  1.036321
  0.075420 -0.055463  1.038498
  0.075839 -0.055746  1.040675
  0.076259 -0.056029  1.042852
  0.076680 -0.056311  1.045030
  0.077102 -0.056592  1.047207
  0.077524 -0.056872  1.049384
  0.077947 -0.057152  1.051561
  0.078370 -0.057430  1.053738
  0.078794 -0.057708  1.055915
  0.079219 -0.057985  1.058092
  0.079644 -0.058262  1.060270
  0.080070 -0.058537  1.062447
  0.080496 -0.058811  1.064624
  0.080923 -0.059085  1.066801
  0.081351 -0.059357  1.068978
  0.081779 -0.059629  1.071155
  0.082208 -0.059900  1.073332
  0.082637 -0.060170  1.075510
  0.083067 -0.060439  1.077687
  0.083497 -0.060706  1.079864
  0.083928 -0.060973  1.082041
  0.084360 -0.061239  1.084218
  0.084792 -0.061504  1.086395
  0.085224 -0.061768  1.088573
  0.085657 -0.062031  1.090750
  0.086091 -0.062293  1.092927
  0.086525 -0.062554  1.095104
  0.086959 -0.062814  1.097281
  0.087394 -0.063073  1.099458
  0.087830 -0.063331  1.101635
  0.088266 -0.063587  1.103813
  0.088702 -0.063843  1.105990
  0.089139 -0.064098  1.108167
  0.089576 -0.064352  1.110344
  0.090014 -0.064605  1.112521
  0.090452 -0.064857  1.114698
  0.090891 -0.065108  1.116875
  0.091330 -0.065358  1.119053
  0.091770 -0.065606  1.121230
  0.092210 -0.065854  1.123407
  0.092650 -0.066101  1.125584
  0.093091 -0.066347  1.127761
  0.093532 -0.066593  1.129938
  0.093973 -0.066837  1.132115
  0.094415 -0.067080  1.134293
  0.094858 -0.067322  1.136470
  0.095300 -0.067564  1.138647
  0.095743 -0.067804  1.140824
  0.096186 -0.068044  1.143001
  0.096630 -0.068283  1.145178
  0.097074 -0.068521  1.147355
  0.097518 -0.068758  1.149533
  0.097963 -0.068994  1.151710
  0.098408 -0.069229  1.153887
  0.098853 -0.069464  1.156064
  0.099299 -0.069697  1.158241
  0.099745 -0.069930  1.160418
  0.100191 -0.070163  1.162595
  0.100637 -0.070394  1.164773
  0.101084 -0.070624  1.166950
  0.101531 -0.070854  1.169127
  0.101978 -0.071083  1.171304
  0.102426 -0.071312  1.173481
  0.102874 -0.071539  1.175658
  0.103322 -0.071766  1.177835
  0.103770 -0.071992  1.180013
  0.104219 -0.072217  1.182190
  0.104667 -0.072442  1.184367
  0.105116 -0.072666  1.186544
  0.105565 -0.072889  1.188721
  0.106015 -0.073112  1.190898
  0.106464 -0.073334  1.193075
  0.106914 -0.073555  1.195253
  0.107364 -0.073775  1.197430
  0.107814 -0.073995  1.199607
  0.108264 -0.074214  1.201784
  0.108714 -0.074432  1.203961
  0.109165 -0.074650  1.206138
  0.109616 -0.074867  1.208315
  0.110066 -0.075083  1.210493
  0.110517 -0.075299  1.212670
  0.110968 -0.075514  1.214847
  0.111419 -0.075728  1.217024
  0.111870 -0.075941  1.219201
  0.112322 -0.076154  1.221378
  0.112773 -0.076366  1.223556
  0.113225 -0.076577  1.225733
  0.113676 -0.076787  1.227910
  0.114128 -0.076997  1.230087
  0.114579 -0.077206  1.232264
  0.115031 -0.077414  1.234441
  0.115482 -0.077621  1.236618
  0.115934 -0.077828  1.238796
  0.116385 -0.078033  1.240973
  0.116837 -0.078238  1.243150
  0.117288 -0.078442  1.245327
  0.117740 -0.078645  1.247504
  0.118191 -0.078847  1.249681
  0.118642 -0.079049  1.251858
  0.119093 -0.079249  1.254036
  0.119544 -0.079448  1.256213
  0.119995 -0.079647  1.258390
  0.120446 -0.079844  1.260567
  0.120897 -0.080041  1.262744
  0.121347 -0.080236  1.264921
  0.121798 -0.080430  1.267098
  0.122248 -0.080623  1.269276
  0.122698 -0.080816  1.271453
  0.123148 -0.081007  1.273630
  0.123597 -0.081197  1.275807
  0.124047 -0.081385  1.277984
  0.124496 -0.081573  1.280161
  0.124945 -0.081759  1.282338
  0.125394 -0.081944  1.284516
  0.125842 -0.082128  1.286693
  0.126291 -0.082311  1.288870
  0.126739 -0.082493  1.291047
  0.127187 -0.082673  1.293224
  0.127635 -0.082852  1.295401
  0.128083 -0.083029  1.297578
  0.128531 -0.083205  1.299756
  0.128979 -0.083380  1.301933
  0.129426 -0.083553  1.304110
  0.129874 -0.083725  1.306287
  0.130322 -0.083896  1.308464
  0.130769 -0.084065  1.310641
  0.131217 -0.084233  1.312818
  0.131665 -0.084399  1.314996
  0.132113 -0.084564  1.317173
  0.132562 -0.084727  1.319350
  0.133011 -0.084888  1.321527
  0.133460 -0.085048  1.323704
  0.133910 -0.085206  1.325881
  0.134360 -0.085363  1.328058
  0.134811 -0.085517  1.330236
       NaN       NaN  1.332413
       NaN       NaN  1.334590
       NaN       NaN  1.336767
       NaN       NaN  1.338944
       NaN       NaN  1.341121
       NaN       NaN  1.343298
       NaN       NaN  1.345476
       NaN       NaN  1.347653
       NaN       NaN  1.349830
       NaN       NaN  1.352007
       NaN       NaN  1.354184
       NaN       NaN  1.356361
       NaN       NaN  1.358538
       NaN       NaN  1.360716
       NaN       NaN  1.362893
       NaN       NaN  1.365070
       NaN       NaN  1.367247
       NaN       NaN  1.369424
       NaN       NaN  1.371601
       NaN       NaN  1.373779
       NaN       NaN  1.375956
       NaN       NaN  1.378133
       NaN       NaN  1.380310
       NaN       NaN  1.382487
       NaN       NaN  1.384664
       NaN       NaN  1.386841
       NaN       NaN  1.389019
       NaN       NaN  1.391196
       NaN       NaN  1.393373
       NaN       NaN  1.395550
       NaN       NaN  1.397727
       NaN       NaN  1.399904
       NaN       NaN  1.402081
       NaN       NaN  1.404259
       NaN       NaN  1.406436
