  0.004849  0.000013 -0.000006  0.009698
  0.014547  0.000113 -0.000056  0.019396
  0.024245  0.000314 -0.000156  0.029095
  0.033944  0.000616 -0.000306  0.038793
  0.043642  0.001017 -0.000506  0.048491
  0.053340  0.001519 -0.000757  0.058189
  0.063039  0.002122 -0.001057  0.067887
  0.072737  0.002824 -0.001409  0.077586
  0.082436  0.003626 -0.001810  0.087284
  0.092136  0.004528 -0.002263  0.096982
  0.101835  0.005530 -0.002765  0.106680
  0.111536  0.006632 -0.003318  0.116378
  0.121237  0.007834 -0.003922  0.126076
  0.130940  0.009138 -0.004575  0.135775
  0.140644  0.010544 -0.005277  0.145473
  0.150349  0.012052 -0.006029  0.155171
  0.160055  0.013665 -0.006827  0.164869
  0.169763  0.015384 -0.007672  0.174567
  0.179472  0.017214 -0.008559  0.184266
  0.189182  0.019159 -0.009485  0.193964
  0.198892  0.021226 -0.010447  0.203662
  0.208602  0.023422 -0.011438  0.213360
  0.218311  0.025755 -0.012451  0.223058
  0.228017  0.028236 -0.013478  0.232757
  0.237718  0.030877 -0.014509  0.242455
  0.247413  0.033693 -0.015533  0.252153
  0.257099  0.036701 -0.016537  0.261851
  0.266772  0.039917 -0.017506  0.271549
  0.276430  0.043362 -0.018426  0.281248
  0.286067  0.047056 -0.019279  0.290946
  0.295679  0.051024 -0.020045  0.300644
  0.305259  0.055289 -0.020705  0.310342
  0.314803  0.059876 -0.021238  0.320040
  0.324304  0.064811 -0.021623  0.329739
  0.333753  0.070116 -0.021842  0.339437
  0.343144  0.075821 -0.021869  0.349135
  0.352468  0.081947 -0.021686  0.358833
  0.361717  0.088519 -0.021272  0.368531
  0.370881  0.095559 -0.020608  0.378229
  0.379953  0.103085 -0.019678  0.387928
  0.388923  0.111113 -0.018468  0.397626
  0.397782  0.119660 -0.016963  0.407324
  0.406520  0.128737 -0.015153  0.417022
  0.415129  0.138350 -0.013032  0.426720
  0.423600  0.148501 -0.010597  0.436419
  0.431924  0.159191 -0.007845  0.446117
  0.440095  0.170415 -0.004778  0.455815
  0.448105  0.182163 -0.001403  0.465513
  0.455948  0.194425  0.002271  0.475211
  0.463617  0.207184  0.006231  0.484910
  0.471106  0.220420  0.010461  0.494608
  0.478411  0.234110  0.014943  0.504306
  0.485528  0.248225  0.019654  0.514004
  0.492453  0.262737  0.024569  0.523702
  0.499183  0.277614  0.029661  0.533401
  0.505717  0.292815  0.034897  0.543099
  0.512052  0.308306  0.040246  0.552797
  0.518189  0.324048  0.045675  0.562495
  0.524126  0.340001  0.051152  0.572193
  0.529864  0.356122  0.056639  0.581891
  0.535403  0.372367  0.062096  0.591590
  0.540743  0.388688  0.067486  0.601288
  0.545887  0.405043  0.072770  0.610986
  0.550835  0.421384  0.077910  0.620684
  0.555588  0.437666  0.082866  0.630382
  0.560149  0.453841  0.087597  0.640081
  0.564517  0.469861  0.092064  0.649779
  0.568695  0.485678  0.096226  0.659477
  0.572684  0.501247  0.100049  0.669175
  0.576485  0.516524  0.103496  0.678873
  0.580099  0.531468  0.106535  0.688572
  0.583525  0.546034  0.109136  0.698270
  0.586763  0.560183  0.111267  0.707968
  0.589812  0.573871  0.112899  0.717666
  0.592668  0.587064  0.114011  0.727364
  0.595330  0.599725  0.114585  0.737063
  0.597793  0.611827  0.114607  0.746761
  0.600053  0.623341  0.114065  0.756459
  0.602102  0.634239  0.112956  0.766157
  0.603934  0.644496  0.111274  0.775855
  0.605539  0.654094  0.109025  0.785554
  0.606908  0.663017  0.106220  0.795252
  0.608028  0.671254  0.102877  0.804950
  0.608888  0.678800  0.099020  0.814648
  0.609473  0.685648  0.094676  0.824346
  0.609769  0.691798  0.089877  0.834044
  0.609759  0.697252  0.084663  0.843743
  0.609426  0.702008  0.079073  0.853441
  0.608752  0.706073  0.073154  0.863139
  0.607721  0.709455  0.066959  0.872837
  0.606314  0.712163  0.060540  0.882535
  0.604514  0.714203  0.053952  0.892234
  0.602302  0.715582  0.047249  0.901932
  0.599663  0.716308  0.040487  0.911630
  0.596579  0.716389  0.033722  0.921328
  0.593036  0.715825  0.027004  0.931026
  0.589022  0.714615  0.020381  0.940725
  0.584525  0.712760  0.013899  0.950423
  0.579537  0.710256  0.007599  0.960121
  0.574051  0.707091  0.001514  0.969819
  0.568062  0.703254 -0.004330  0.979517
  0.561569  0.698727 -0.009914  0.989216
  0.554572  0.693491 -0.015225  0.998914
  0.547074  0.687521 -0.020260  1.008612
  0.539081  0.680790 -0.025022  1.018310
  0.530601  0.673266 -0.029523  1.028008
  0.521645  0.664916 -0.033785  1.037706
  0.512228  0.655705 -0.037832  1.047405
  0.502363  0.645598 -0.041698  1.057103
  0.492067  0.634553 -0.045425  1.066801
  0.481360  0.622531 -0.049060  1.076499
  0.470261  0.609496 -0.052653  1.086197
  0.458791  0.595407 -0.056260  1.095896
  0.446971  0.580231 -0.059938  1.105594
  0.434825  0.563938 -0.063743  1.115292
  0.422375  0.546502 -0.067730  1.124990
  0.409646  0.527899 -0.071957  1.134688
  0.396661  0.508114 -0.076477  1.144387
  0.383442  0.487143 -0.081338  1.154085
  0.370015  0.464989 -0.086579  1.163783
  0.356402  0.441662 -0.092241  1.173481
  0.342628  0.417183 -0.098350  1.183179
  0.328714  0.391583 -0.104930  1.192878
